0 0.301176 0.360304 0.019282 0.011415
0 0.337426 0.374164 0.023861 0.013050
0 0.302098 0.383948 0.019270 0.009787
0 0.336962 0.396452 0.017438 0.009780
0 0.269053 0.396180 0.017438 0.010323
0 0.269053 0.370905 0.021101 0.010872
0 0.303929 0.409769 0.022933 0.009245
0 0.338800 0.421459 0.019282 0.011965
0 0.268595 0.419828 0.018354 0.009787
0 0.303472 0.433149 0.018354 0.011415
0 0.337420 0.445106 0.018354 0.009245
0 0.302098 0.455436 0.019270 0.010330
0 0.268137 0.443746 0.017438 0.010865
0 0.265848 0.467394 0.016522 0.010330
0 0.336046 0.469025 0.017438 0.009238
0 0.302098 0.479351 0.019270 0.009245
0 0.269053 0.491855 0.017438 0.009238
0 0.337877 0.492130 0.019270 0.010872
0 0.302556 0.505444 0.018354 0.011415
0 0.336504 0.515502 0.016522 0.010872
0 0.336504 0.539424 0.022017 0.010872
0 0.302556 0.527735 0.020186 0.012507
0 0.266764 0.514417 0.016522 0.011957
0 0.266306 0.538607 0.019270 0.011422
0 0.301634 0.550839 0.020198 0.013043
0 0.336962 0.563343 0.021101 0.013050
0 0.301176 0.574754 0.019282 0.011957
0 0.265390 0.562254 0.019270 0.010872
0 0.268137 0.585898 0.019270 0.011415
0 0.300254 0.597863 0.019270 0.011415
0 0.334208 0.586719 0.022946 0.010872
0 0.333756 0.610092 0.016522 0.010872
0 0.264926 0.610634 0.020198 0.010872
0 0.300254 0.622320 0.017438 0.010330
0 0.332834 0.634828 0.020198 0.010330
0 0.299344 0.646785 0.022946 0.012500
0 0.264010 0.634014 0.016510 0.010872
0 0.264010 0.657658 0.016510 0.008160
0 0.333756 0.657386 0.020186 0.010872
0 0.232809 0.647328 0.014678 0.010330
0 0.231887 0.622595 0.016522 0.013050
0 0.230972 0.598677 0.020186 0.011957
0 0.231887 0.574754 0.020186 0.010872
0 0.233731 0.551653 0.018354 0.011415
0 0.236021 0.528823 0.010087 0.009245
