0 0.278265 0.377577 0.044753 0.019573
0 0.283858 0.404492 0.052951 0.021797
0 0.283864 0.428733 0.044000 0.017791
0 0.279383 0.451642 0.041012 0.017349
0 0.272210 0.471329 0.027457 0.012408
0 0.276370 0.492423 0.039111 0.014890
0 0.276370 0.515990 0.040765 0.018358
0 0.278037 0.539068 0.035778 0.011907
0 0.265975 0.563630 0.021630 0.011414
0 0.269716 0.586708 0.029111 0.009926
0 0.266389 0.610280 0.024136 0.010427
0 0.266389 0.635092 0.024136 0.012408
0 0.268469 0.656926 0.031605 0.014396
0 0.230154 0.645736 0.023370 0.010972
0 0.229741 0.622658 0.017556 0.015434
0 0.231815 0.600081 0.020049 0.010972
0 0.230568 0.575515 0.017556 0.012459
0 0.231407 0.553435 0.014222 0.012953
0 0.232235 0.529120 0.012568 0.012953
