0 0.092100 0.373297 0.030050 0.015849
0 0.088063 0.395689 0.024275 0.016535
0 0.086325 0.420149 0.020800 0.014471
0 0.088063 0.443920 0.019650 0.012399
0 0.091525 0.469415 0.024275 0.013778
0 0.090950 0.493875 0.020800 0.011714
0 0.093256 0.516267 0.027738 0.013785
0 0.095575 0.540727 0.025425 0.014463
0 0.097306 0.565876 0.026588 0.013778
0 0.099037 0.588268 0.030050 0.017221
0 0.101931 0.616863 0.026588 0.013785
0 0.100775 0.637187 0.024275 0.015849
0 0.105394 0.662340 0.031212 0.017914
0 0.131981 0.654069 0.021963 0.012399
0 0.130244 0.629952 0.018488 0.013778
0 0.128513 0.604117 0.019650 0.015849
0 0.129669 0.579314 0.021962 0.011714
0 0.127362 0.555540 0.019650 0.015164
0 0.125625 0.529359 0.016175 0.012399
0 0.125625 0.506621 0.020800 0.013778
0 0.126206 0.482161 0.021962 0.013085
0 0.123313 0.455633 0.020800 0.013785
0 0.121581 0.432209 0.021962 0.013778
0 0.121000 0.408782 0.018500 0.011021
0 0.121581 0.384665 0.021962 0.012399
0 0.130244 0.362619 0.036987 0.019292
0 0.159144 0.372265 0.020812 0.012399
0 0.155675 0.394657 0.020800 0.014471
0 0.157988 0.419806 0.020800 0.015156
0 0.157406 0.444613 0.021963 0.012399
0 0.158562 0.469069 0.019650 0.017228
0 0.159725 0.492839 0.019650 0.012399
0 0.162031 0.517645 0.021962 0.012399
0 0.162612 0.541416 0.020800 0.013085
0 0.164344 0.565529 0.021962 0.014471
0 0.163762 0.590678 0.020800 0.012399
0 0.167231 0.614106 0.020813 0.012399
0 0.171856 0.640291 0.020813 0.012399
0 0.177056 0.662683 0.035837 0.014471
0 0.200169 0.624784 0.017338 0.011714
0 0.202481 0.601013 0.017337 0.012399
0 0.200169 0.576900 0.017338 0.011028
0 0.198437 0.553472 0.018500 0.012399
0 0.197856 0.527638 0.017338 0.011714
0 0.196706 0.504557 0.017338 0.013778
0 0.196706 0.479750 0.017338 0.013778
0 0.194394 0.455291 0.021963 0.011714
0 0.193237 0.432209 0.019650 0.012407
0 0.192662 0.408092 0.020800 0.012399
0 0.193244 0.384665 0.021962 0.015156
0 0.194394 0.361930 0.024262 0.017914
0 0.283969 0.622373 0.036988 0.016535
0 0.281081 0.644423 0.033513 0.019292
0 0.284550 0.596196 0.026575 0.019292
0 0.282813 0.573800 0.030050 0.018599
0 0.283394 0.550373 0.028888 0.017228
0 0.282819 0.525917 0.023113 0.020671
0 0.281662 0.503867 0.020800 0.015156
0 0.282813 0.482850 0.025425 0.018607
0 0.281656 0.458390 0.023112 0.016542
0 0.281019 0.435309 0.024387 0.018607
0 0.279288 0.413260 0.023225 0.018607
0 0.279862 0.390179 0.022075 0.022042
0 0.279288 0.365719 0.020925 0.019978
