0 0.035885 0.387769 0.038504 0.019985
0 0.037014 0.412917 0.031708 0.017914
0 0.038716 0.436688 0.030574 0.014469
0 0.038148 0.460114 0.022656 0.015842
0 0.041546 0.486643 0.031696 0.016533
0 0.042675 0.510759 0.031708 0.015159
0 0.044377 0.534871 0.032843 0.016540
0 0.043809 0.560364 0.031708 0.015159
0 0.047207 0.584825 0.033965 0.019985
0 0.044944 0.609283 0.027170 0.016533
0 0.046072 0.636153 0.027182 0.015159
0 0.047774 0.660618 0.021509 0.014469
0 0.046072 0.686112 0.020374 0.013088
0 0.079988 0.674052 0.018229 0.013778
0 0.080555 0.649249 0.019364 0.013778
0 0.077774 0.623061 0.018117 0.011024
0 0.076652 0.596882 0.018117 0.013778
0 0.074383 0.572079 0.018117 0.012398
0 0.072681 0.522811 0.019252 0.014469
0 0.073815 0.546931 0.021521 0.014469
0 0.070985 0.497322 0.022643 0.013096
0 0.068722 0.470797 0.018117 0.013778
0 0.065885 0.447367 0.019252 0.012398
0 0.065885 0.421533 0.016983 0.011715
0 0.066453 0.398794 0.020387 0.013096
0 0.067537 0.373987 0.025025 0.014469
0 0.100424 0.384321 0.020374 0.013088
0 0.100991 0.409127 0.021509 0.014476
0 0.101559 0.433589 0.022643 0.015159
0 0.103254 0.459082 0.021521 0.015159
0 0.106085 0.483885 0.024913 0.015159
0 0.106652 0.508001 0.023778 0.013786
0 0.108921 0.532462 0.023778 0.015850
0 0.110050 0.557265 0.023791 0.015850
0 0.112313 0.583794 0.023778 0.015159
0 0.112880 0.608251 0.022643 0.015850
0 0.116839 0.634776 0.023778 0.012405
0 0.117974 0.660273 0.021509 0.015159
0 0.123635 0.683695 0.026047 0.015159
0 0.140056 0.374332 0.031708 0.016540
0 0.138921 0.398103 0.029439 0.018604
0 0.138360 0.421184 0.023778 0.015159
0 0.140056 0.445990 0.024900 0.016533
0 0.138360 0.470797 0.026047 0.013778
0 0.143454 0.495254 0.024913 0.014469
0 0.144021 0.520057 0.026047 0.015850
0 0.146284 0.545550 0.023791 0.015850
0 0.147980 0.569325 0.022643 0.015159
0 0.147986 0.594473 0.020387 0.014469
0 0.148547 0.618930 0.021509 0.015159
0 0.153074 0.646491 0.023778 0.016533
0 0.153080 0.670607 0.026035 0.013778
0 0.174595 0.385011 0.021509 0.015850
0 0.175162 0.408786 0.022643 0.015159
0 0.175723 0.433589 0.021521 0.013778
0 0.177419 0.458046 0.022643 0.013088
0 0.177986 0.482162 0.021509 0.013096
0 0.180256 0.508001 0.023778 0.013786
0 0.179688 0.532462 0.022643 0.015850
0 0.181951 0.556920 0.022656 0.013778
0 0.182512 0.582417 0.023778 0.011024
0 0.183647 0.606870 0.023778 0.014469
0 0.185349 0.630990 0.022643 0.013088
0 0.188180 0.658202 0.023791 0.013778
0 0.197799 0.680596 0.029439 0.015850
0 0.215355 0.568634 0.019239 0.012398
0 0.218186 0.593092 0.015848 0.015850
0 0.218186 0.616866 0.013579 0.013778
0 0.220449 0.643392 0.011322 0.015842
0 0.215355 0.542451 0.019239 0.012398
0 0.213660 0.519366 0.018117 0.014469
0 0.213092 0.494568 0.016983 0.011715
0 0.211390 0.470106 0.020387 0.015159
0 0.210829 0.445990 0.021509 0.012405
0 0.208566 0.421187 0.016983 0.012405
0 0.209127 0.397071 0.022643 0.016540
0 0.207431 0.372269 0.016983 0.015159
0 0.303616 0.637879 0.039751 0.019977
0 0.303049 0.614799 0.036347 0.017914
0 0.300786 0.592747 0.031820 0.020668
0 0.301353 0.566908 0.028416 0.022739
0 0.301353 0.542451 0.030686 0.017921
0 0.299084 0.520402 0.030686 0.020668
0 0.302488 0.664750 0.030686 0.025493
0 0.296883 0.379154 0.019252 0.016533
0 0.296315 0.401203 0.020387 0.019294
0 0.298017 0.423596 0.019252 0.018604
0 0.296883 0.447709 0.021521 0.018604
0 0.299713 0.470793 0.024913 0.019294
0 0.299713 0.494219 0.024913 0.020668
