0 0.264918 0.374363 0.020241 0.010430
0 0.300095 0.363507 0.021203 0.011844
0 0.371184 0.363504 0.021684 0.009022
0 0.336006 0.373937 0.019759 0.011281
0 0.405399 0.374644 0.020722 0.010430
0 0.440570 0.363507 0.018785 0.010719
0 0.475753 0.375067 0.019759 0.009585
0 0.510203 0.363363 0.019266 0.009867
0 0.546101 0.376759 0.017823 0.011281
0 0.580797 0.364633 0.018785 0.010156
0 0.652361 0.365478 0.020241 0.010719
0 0.686816 0.378170 0.019759 0.008459
0 0.616215 0.377181 0.025063 0.013252
0 0.265165 0.398474 0.018785 0.010711
0 0.300589 0.386067 0.021203 0.010711
0 0.333348 0.398896 0.020241 0.011556
0 0.369734 0.386348 0.018785 0.010711
0 0.405152 0.399037 0.020228 0.010711
0 0.440329 0.389026 0.024101 0.012689
0 0.510443 0.388604 0.022658 0.011281
0 0.581044 0.389448 0.020241 0.011281
0 0.652120 0.390293 0.018797 0.011281
0 0.685367 0.401433 0.017823 0.009874
0 0.616937 0.401856 0.026506 0.011281
0 0.545627 0.401293 0.020722 0.009593
0 0.475753 0.400730 0.019759 0.011844
0 0.298658 0.410881 0.016380 0.010711
0 0.369494 0.411585 0.017342 0.010430
0 0.438880 0.412574 0.022165 0.010156
0 0.510690 0.413700 0.020241 0.011281
0 0.579108 0.413278 0.020241 0.010437
0 0.650918 0.414544 0.020241 0.011281
0 0.691633 0.419904 0.016861 0.010148
0 0.684165 0.449515 0.022177 0.012407
0 0.651880 0.438374 0.023127 0.011000
0 0.615975 0.426248 0.023620 0.012126
0 0.580557 0.437811 0.019266 0.011563
0 0.546348 0.425967 0.020241 0.009874
0 0.509722 0.437811 0.016380 0.010437
0 0.475506 0.424841 0.022177 0.011000
0 0.440335 0.436681 0.021203 0.010430
0 0.405639 0.424419 0.021203 0.010719
0 0.335766 0.423996 0.021203 0.012126
0 0.300823 0.436259 0.018785 0.010711
0 0.265646 0.423852 0.019747 0.010148
0 0.264196 0.447681 0.018797 0.010993
0 0.333829 0.448244 0.019278 0.009304
0 0.370937 0.436259 0.018304 0.009585
0 0.405633 0.448104 0.018304 0.010148
0 0.473582 0.448807 0.017342 0.009304
0 0.543937 0.449374 0.018304 0.009874
0 0.615253 0.449089 0.017342 0.009867
0 0.649228 0.461359 0.018785 0.011281
0 0.685608 0.473059 0.018304 0.010430
0 0.615013 0.473485 0.019747 0.012407
0 0.581044 0.460652 0.022165 0.011556
0 0.509481 0.461359 0.022658 0.011281
0 0.543690 0.472496 0.019759 0.010993
0 0.474538 0.473204 0.020241 0.011281
0 0.440089 0.460793 0.020709 0.011274
0 0.405392 0.473344 0.021696 0.011563
0 0.370215 0.460937 0.022658 0.011563
0 0.336000 0.472496 0.023620 0.010430
0 0.299380 0.460089 0.023620 0.010993
0 0.265405 0.472637 0.022177 0.010148
0 0.299373 0.483919 0.021684 0.010148
0 0.368285 0.483774 0.019759 0.011563
0 0.439120 0.484622 0.020722 0.010993
0 0.509481 0.483633 0.016861 0.011281
0 0.578633 0.485470 0.018304 0.011563
0 0.648259 0.485611 0.018797 0.011844
0 0.687057 0.495196 0.022165 0.015222
0 0.647297 0.509015 0.020722 0.011274
0 0.614532 0.498441 0.022658 0.013252
0 0.579348 0.510285 0.020722 0.011563
0 0.545386 0.496889 0.021203 0.011274
0 0.509722 0.508874 0.019266 0.010993
0 0.474785 0.497030 0.019747 0.009304
0 0.439127 0.509015 0.016861 0.010148
0 0.403462 0.496744 0.023608 0.011563
0 0.369975 0.509296 0.018304 0.010711
0 0.334797 0.496322 0.018304 0.010719
0 0.264437 0.495619 0.019278 0.011563
0 0.300342 0.507744 0.017823 0.011000
0 0.263234 0.520011 0.018797 0.009030
0 0.334316 0.519448 0.017342 0.009593
0 0.404911 0.520293 0.016861 0.010156
0 0.473816 0.520293 0.019759 0.010156
0 0.544177 0.520433 0.018785 0.010437
0 0.612601 0.521422 0.019759 0.010711
0 0.682722 0.522689 0.016380 0.008741
0 0.648747 0.534959 0.023620 0.012970
0 0.579595 0.533970 0.019266 0.010430
0 0.507791 0.532700 0.024089 0.012970
0 0.439848 0.532137 0.020228 0.010719
0 0.368044 0.532700 0.020241 0.010719
0 0.299380 0.532137 0.017823 0.009593
0 0.264677 0.543559 0.019759 0.009874
0 0.332867 0.543274 0.019278 0.009304
0 0.403462 0.544544 0.017835 0.009593
0 0.473095 0.544967 0.019278 0.010437
0 0.542968 0.544404 0.019278 0.009874
0 0.612601 0.545815 0.018797 0.010993
0 0.682715 0.546237 0.017354 0.010711
0 0.647057 0.558785 0.017354 0.010430
0 0.577184 0.558504 0.021203 0.012696
0 0.507070 0.557656 0.022646 0.011000
0 0.439842 0.556811 0.021203 0.011000
0 0.368285 0.556107 0.021684 0.011281
0 0.297449 0.555544 0.018797 0.010719
0 0.263715 0.566963 0.020722 0.010430
0 0.262753 0.591074 0.019759 0.011837
0 0.262753 0.614904 0.019759 0.010430
0 0.260823 0.638589 0.015899 0.011000
0 0.297690 0.579230 0.016392 0.010711
0 0.297449 0.602915 0.017835 0.011844
0 0.296247 0.627733 0.017354 0.010711
0 0.297930 0.651981 0.018797 0.011281
0 0.330703 0.639293 0.016873 0.011281
0 0.331905 0.617019 0.018316 0.011844
0 0.332627 0.590930 0.019759 0.012126
0 0.332867 0.567811 0.020241 0.012126
0 0.367563 0.579374 0.020241 0.012126
0 0.366842 0.604330 0.017835 0.011844
0 0.367082 0.628581 0.018316 0.012970
0 0.368285 0.652407 0.021684 0.013259
0 0.402259 0.640000 0.019278 0.013259
0 0.402019 0.616737 0.018797 0.012407
0 0.401538 0.594178 0.019759 0.014667
0 0.403222 0.568093 0.022165 0.012126
0 0.436956 0.579656 0.019278 0.011000
0 0.438158 0.604330 0.020722 0.011844
0 0.437196 0.628159 0.019759 0.012126
0 0.437196 0.652833 0.022646 0.012407
0 0.469968 0.639574 0.019759 0.011281
0 0.469728 0.617300 0.020241 0.012970
0 0.472614 0.593470 0.020241 0.013252
0 0.471171 0.569078 0.016392 0.009593
0 0.506108 0.581204 0.015911 0.010156
0 0.541285 0.570067 0.014949 0.009304
0 0.611639 0.570630 0.014949 0.009867
0 0.682241 0.570348 0.014456 0.008741
0 0.680063 0.595022 0.014937 0.010148
0 0.679823 0.618567 0.014456 0.010437
0 0.680070 0.642115 0.016873 0.011281
0 0.679342 0.666789 0.017342 0.010437
0 0.609956 0.665519 0.019278 0.010711
0 0.540082 0.665237 0.024089 0.011274
0 0.470449 0.664674 0.021684 0.008459
0 0.399854 0.664674 0.020241 0.009585
0 0.330462 0.663263 0.018316 0.010719
0 0.261070 0.663830 0.023127 0.009022
0 0.225886 0.650289 0.015418 0.008459
0 0.228297 0.626041 0.016392 0.012407
0 0.230228 0.579796 0.018304 0.011281
0 0.229987 0.554978 0.014937 0.009585
0 0.230228 0.532137 0.012532 0.010719
0 0.506108 0.604752 0.018797 0.011000
0 0.541285 0.592907 0.017835 0.009874
0 0.575981 0.581485 0.017835 0.011281
0 0.645373 0.581485 0.016873 0.011281
0 0.611880 0.594033 0.019278 0.011563
0 0.646335 0.605174 0.019759 0.012407
0 0.646095 0.629707 0.016392 0.010156
0 0.645127 0.653959 0.013494 0.009593
0 0.574051 0.652126 0.016861 0.009867
0 0.505867 0.652970 0.018316 0.010430
0 0.505139 0.629144 0.015899 0.011281
0 0.540323 0.616878 0.018797 0.010437
0 0.540082 0.640704 0.018316 0.009585
0 0.575259 0.628578 0.017354 0.010711
0 0.575741 0.605174 0.018316 0.011281
0 0.610677 0.617159 0.017835 0.011000
0 0.610437 0.640707 0.018316 0.012407
