0 0.268772 0.372259 0.022179 0.011422
0 0.269691 0.396996 0.020340 0.013044
0 0.268306 0.420641 0.019408 0.012496
0 0.271077 0.446193 0.019408 0.012504
0 0.271543 0.468207 0.022179 0.013052
0 0.270157 0.492944 0.019408 0.011415
0 0.269691 0.516315 0.020340 0.011415
0 0.266921 0.539148 0.020340 0.013585
0 0.269691 0.564700 0.020340 0.014674
0 0.268306 0.588074 0.017569 0.011422
0 0.267846 0.612811 0.014786 0.009785
0 0.265069 0.635641 0.016637 0.010867
0 0.269232 0.660915 0.023098 0.011415
0 0.231335 0.650319 0.017557 0.010874
0 0.233646 0.625311 0.012935 0.007615
0 0.306669 0.361659 0.025882 0.013052
0 0.305277 0.385033 0.021259 0.013044
0 0.304351 0.408681 0.017569 0.010326
0 0.304817 0.433144 0.016637 0.011415
0 0.305277 0.458422 0.017557 0.011956
0 0.303892 0.481526 0.018489 0.011422
0 0.304817 0.506259 0.022179 0.013052
0 0.305737 0.529633 0.020340 0.013044
0 0.303892 0.554096 0.020327 0.011956
0 0.303892 0.577204 0.020327 0.013593
0 0.302966 0.600578 0.020340 0.012504
0 0.302966 0.625856 0.022179 0.011963
0 0.299270 0.649230 0.022191 0.011956
0 0.336241 0.661459 0.018476 0.010326
0 0.334855 0.638356 0.017569 0.010874
0 0.336241 0.613896 0.024043 0.011956
0 0.337626 0.589433 0.015705 0.010867
0 0.339018 0.565785 0.018489 0.011422
0 0.339011 0.541322 0.012935 0.010333
0 0.337166 0.519852 0.022191 0.016311
0 0.339471 0.494574 0.021259 0.014674
0 0.339477 0.469837 0.019408 0.013052
0 0.339477 0.446733 0.017569 0.013585
0 0.337632 0.422000 0.021259 0.013052
0 0.339937 0.397267 0.022191 0.012504
0 0.339937 0.373619 0.020327 0.014141
0 0.376908 0.361115 0.022179 0.010867
0 0.375063 0.385307 0.018489 0.011415
0 0.374137 0.410315 0.022179 0.013593
0 0.373671 0.434774 0.019408 0.011415
0 0.376908 0.458422 0.020340 0.013052
0 0.375523 0.482615 0.023111 0.012504
0 0.373671 0.505989 0.019408 0.011415
0 0.372286 0.529093 0.020340 0.011963
0 0.375063 0.554641 0.020327 0.013044
0 0.374137 0.577204 0.022179 0.011415
0 0.372292 0.601393 0.018489 0.010874
0 0.371826 0.625856 0.021259 0.013044
0 0.370907 0.651133 0.021259 0.013585
0 0.407412 0.638359 0.018476 0.013044
0 0.404641 0.661733 0.022179 0.011956
0 0.405560 0.613896 0.022179 0.013052
0 0.406486 0.589704 0.018489 0.012504
0 0.407872 0.566056 0.017557 0.011963
0 0.408797 0.541867 0.017569 0.011422
0 0.409263 0.518219 0.022179 0.009785
0 0.408797 0.493759 0.021247 0.013044
0 0.407872 0.470111 0.017557 0.012504
0 0.406952 0.444833 0.017557 0.009785
0 0.407890 0.421430 0.020995 0.012356
0 0.409200 0.398526 0.018375 0.013896
0 0.408325 0.373048 0.020126 0.012348
0 0.443772 0.363011 0.024496 0.012867
0 0.446398 0.385400 0.021008 0.015437
0 0.444213 0.410619 0.021877 0.012348
0 0.443338 0.433781 0.016625 0.013385
0 0.444207 0.457970 0.020126 0.012356
0 0.443772 0.482159 0.020995 0.013385
0 0.442462 0.506348 0.018375 0.011319
0 0.442021 0.528481 0.017494 0.010296
0 0.442462 0.553959 0.018375 0.010807
0 0.441146 0.576859 0.019244 0.012356
0 0.441581 0.601822 0.021877 0.012874
0 0.440271 0.626785 0.019257 0.011319
0 0.439836 0.650715 0.020126 0.012867
0 0.476587 0.662552 0.023627 0.010807
0 0.473917 0.639907 0.025466 0.014926
0 0.472645 0.614944 0.021008 0.011326
0 0.473526 0.590756 0.017506 0.011319
0 0.477021 0.566567 0.020995 0.012348
0 0.475712 0.541863 0.018375 0.010289
0 0.475712 0.518185 0.016637 0.012356
0 0.477462 0.494256 0.018375 0.012867
0 0.477456 0.470837 0.016625 0.012356
0 0.479654 0.446474 0.024370 0.012578
0 0.480151 0.423367 0.021385 0.010822
0 0.478904 0.399533 0.019899 0.013452
0 0.478904 0.374526 0.018892 0.010237
