0 0.224641 0.453360 0.031584 0.014485
0 0.258991 0.462419 0.023824 0.012838
0 0.226306 0.472621 0.029369 0.016125
0 0.227420 0.492537 0.029369 0.015147
0 0.227970 0.512125 0.032698 0.015471
0 0.228243 0.532037 0.034356 0.016456
0 0.227970 0.549813 0.030470 0.015140
0 0.227413 0.569070 0.030470 0.017449
0 0.231293 0.588824 0.029369 0.015471
0 0.231844 0.609886 0.031584 0.014154
0 0.230464 0.627004 0.027710 0.014154
0 0.261213 0.482165 0.030470 0.016125
0 0.261764 0.503070 0.029369 0.015140
0 0.262599 0.523147 0.027698 0.014485
0 0.263428 0.541746 0.027153 0.014816
0 0.263985 0.561007 0.027153 0.017118
0 0.263985 0.580754 0.030470 0.015801
0 0.265922 0.599518 0.026597 0.015801
0 0.264542 0.619272 0.026040 0.017118
0 0.262599 0.446452 0.019950 0.013169
0 0.289746 0.454187 0.022166 0.014816
0 0.291689 0.473441 0.029369 0.014485
0 0.291411 0.491386 0.025495 0.014154
0 0.291962 0.512287 0.025483 0.015794
0 0.293069 0.531544 0.023267 0.013500
0 0.293069 0.549974 0.024381 0.014154
0 0.293905 0.568412 0.027141 0.016794
0 0.296399 0.588985 0.028812 0.015794
0 0.295285 0.609066 0.024381 0.017118
0 0.296720 0.629743 0.028614 0.015721
0 0.318527 0.461904 0.026460 0.015721
0 0.321033 0.481449 0.024319 0.014868
0 0.321745 0.501632 0.027178 0.016147
0 0.321751 0.520540 0.024319 0.015728
0 0.322463 0.540937 0.025743 0.018272
0 0.323181 0.560482 0.027178 0.014875
0 0.326040 0.579603 0.028614 0.016574
0 0.327116 0.599574 0.026460 0.016574
0 0.323892 0.618904 0.024319 0.017000
0 0.350000 0.629294 0.025025 0.016618
0 0.346064 0.453191 0.018589 0.016147
0 0.347494 0.473165 0.022884 0.016993
0 0.348571 0.492706 0.025037 0.016147
0 0.349994 0.511618 0.023601 0.016574
0 0.350718 0.531162 0.026460 0.015721
0 0.352500 0.550710 0.028614 0.017419
0 0.353929 0.568533 0.022884 0.014066
0 0.354647 0.588522 0.021448 0.015721
0 0.354295 0.607835 0.020743 0.017037
0 0.375743 0.444673 0.020743 0.017037
0 0.375743 0.464456 0.026460 0.015721
0 0.377178 0.483787 0.025025 0.015294
0 0.377178 0.502059 0.025025 0.016147
0 0.378601 0.521176 0.026460 0.017000
0 0.380755 0.540298 0.026460 0.014449
0 0.380749 0.559206 0.023601 0.017426
0 0.380037 0.578114 0.022178 0.015301
0 0.381108 0.597235 0.022884 0.015294
0 0.380390 0.618055 0.022884 0.017846
0 0.409363 0.626765 0.023601 0.016574
0 0.410433 0.607221 0.025743 0.016574
0 0.409715 0.587676 0.025743 0.016574
0 0.409715 0.567706 0.025743 0.016574
0 0.407927 0.547735 0.022166 0.016574
0 0.407927 0.528614 0.023601 0.014875
0 0.406139 0.509279 0.024307 0.015294
0 0.405427 0.489309 0.022884 0.015294
0 0.404709 0.469551 0.022884 0.016574
0 0.402921 0.451496 0.019307 0.013596
0 0.430458 0.462114 0.021460 0.013596
0 0.431528 0.481239 0.022166 0.014449
0 0.432964 0.500993 0.023601 0.016574
0 0.436176 0.520540 0.027178 0.014875
0 0.435105 0.538813 0.023601 0.014875
0 0.437964 0.557294 0.027884 0.015294
0 0.437964 0.577055 0.023601 0.014022
0 0.437964 0.595960 0.022166 0.016993
0 0.438682 0.618268 0.023601 0.016566
0 0.467290 0.625066 0.025025 0.019118
0 0.466219 0.604669 0.024319 0.015721
0 0.466219 0.586187 0.022884 0.017846
0 0.464431 0.566643 0.020743 0.014449
0 0.461925 0.546882 0.018601 0.012324
0 0.462636 0.529040 0.018589 0.010625
0 0.459783 0.509279 0.017166 0.014441
0 0.459059 0.489735 0.014307 0.011897
0 0.457636 0.472316 0.018589 0.015294
0 0.457636 0.453618 0.020025 0.011897
0 0.483385 0.444695 0.017166 0.012743
0 0.484808 0.462118 0.022884 0.015294
0 0.485167 0.481026 0.020730 0.013169
0 0.484449 0.500357 0.017884 0.011051
0 0.487314 0.519691 0.015025 0.010618
0 0.488385 0.538813 0.018601 0.009772
0 0.489103 0.557507 0.018601 0.011471
0 0.490173 0.575989 0.017871 0.010199
0 0.490532 0.594897 0.018589 0.010618
0 0.490885 0.615081 0.016448 0.009353
0 0.512698 0.433860 0.014307 0.010618
0 0.511634 0.454257 0.020743 0.012324
0 0.512345 0.471676 0.015012 0.010618
0 0.514134 0.491011 0.018589 0.011051
0 0.515204 0.510129 0.019319 0.011051
0 0.513063 0.528188 0.016448 0.009772
0 0.514845 0.547945 0.015730 0.009346
0 0.515204 0.567066 0.017884 0.011044
0 0.515922 0.584912 0.017884 0.011044
0 0.517704 0.604882 0.017166 0.011044
0 0.519140 0.624004 0.017166 0.010199
0 0.544889 0.614441 0.021460 0.012324
0 0.544889 0.595533 0.020025 0.013596
0 0.543812 0.575989 0.020743 0.014449
0 0.542382 0.556868 0.017884 0.011044
0 0.539517 0.538599 0.020743 0.012743
0 0.539876 0.518629 0.020025 0.011051
0 0.539517 0.501206 0.020743 0.011044
0 0.539524 0.482088 0.015012 0.011044
0 0.538453 0.462967 0.020025 0.011051
0 0.538088 0.444695 0.017884 0.011051
0 0.509480 0.415783 0.012153 0.013640
0 0.538088 0.425364 0.016448 0.013169
0 0.562766 0.416206 0.010012 0.010235
0 0.563478 0.435963 0.014307 0.009809
0 0.563837 0.454040 0.015025 0.010199
0 0.565266 0.472952 0.017884 0.010625
0 0.564548 0.490371 0.016448 0.008919
0 0.566343 0.509279 0.015730 0.011044
0 0.567413 0.527551 0.017871 0.009353
0 0.568484 0.547518 0.017166 0.010199
0 0.568131 0.565794 0.015025 0.008500
0 0.570278 0.584912 0.016448 0.009353
0 0.570990 0.603820 0.017871 0.010625
0 0.571708 0.624853 0.020743 0.012750
0 0.594944 0.613360 0.017166 0.015338
0 0.594950 0.594026 0.020025 0.012360
0 0.594592 0.575353 0.017871 0.013176
0 0.593874 0.555805 0.019307 0.013169
0 0.595309 0.538176 0.019307 0.011897
0 0.591374 0.519055 0.021460 0.013596
0 0.591726 0.500996 0.022166 0.013169
0 0.591009 0.482088 0.016448 0.011044
0 0.591374 0.464456 0.018589 0.012324
0 0.614975 0.454044 0.018589 0.011897
0 0.617834 0.472735 0.021460 0.011897
0 0.616046 0.491224 0.019319 0.010625
0 0.618552 0.510765 0.020025 0.012324
0 0.619623 0.529040 0.019319 0.010625
0 0.619264 0.546037 0.018601 0.012324
0 0.620699 0.565154 0.017166 0.010618
0 0.621405 0.583213 0.017166 0.011044
0 0.621411 0.601699 0.018589 0.012324
0 0.620340 0.621879 0.022166 0.013596
0 0.644647 0.612938 0.016448 0.013640
0 0.646442 0.592985 0.018601 0.015294
0 0.648583 0.573228 0.015730 0.011471
0 0.648589 0.555382 0.018589 0.011471
0 0.643583 0.537110 0.017166 0.011471
0 0.644295 0.519478 0.015743 0.011044
0 0.642506 0.500143 0.016448 0.010625
0 0.642147 0.482088 0.015730 0.011044
0 0.642865 0.462967 0.014295 0.010199
0 0.640718 0.444908 0.018589 0.009772
0 0.640718 0.425787 0.014307 0.010618
0 0.665749 0.419607 0.015730 0.012787
0 0.666467 0.436621 0.014295 0.011051
0 0.666634 0.454779 0.015718 0.009338
0 0.666974 0.472849 0.015037 0.012993
0 0.668348 0.491728 0.020507 0.012588
0 0.669715 0.510412 0.019134 0.012588
0 0.670736 0.527871 0.017092 0.010154
0 0.671417 0.546143 0.018453 0.010963
0 0.672444 0.564213 0.015037 0.009750
0 0.673472 0.582691 0.019814 0.010147
0 0.673472 0.601574 0.018453 0.010559
0 0.669035 0.618018 0.024604 0.012581
0 0.698082 0.611316 0.021188 0.013809
0 0.697735 0.592029 0.020495 0.011779
0 0.693639 0.573754 0.019134 0.014213
0 0.692952 0.556496 0.015037 0.012993
0 0.693973 0.537007 0.015718 0.013000
0 0.692952 0.518533 0.016399 0.010154
0 0.690903 0.499853 0.019134 0.010147
0 0.692271 0.481783 0.015037 0.011375
0 0.691590 0.463103 0.015037 0.011368
0 0.689876 0.445640 0.012995 0.010559
0 0.344004 0.432375 0.015656 0.011368
0 0.375031 0.423588 0.012760 0.010338
