0 0.269648 0.368743 0.032852 0.017933
0 0.270179 0.393724 0.021198 0.015373
0 0.269117 0.418705 0.021198 0.014097
0 0.268586 0.443045 0.022259 0.014090
0 0.271765 0.468347 0.026494 0.014739
0 0.268593 0.490448 0.024370 0.016657
0 0.270173 0.516067 0.025432 0.014090
0 0.268056 0.539448 0.021198 0.014731
0 0.269648 0.563149 0.020136 0.013448
0 0.270179 0.588448 0.021198 0.014090
0 0.267531 0.610869 0.022247 0.012813
0 0.267531 0.634892 0.024370 0.013455
0 0.268593 0.659552 0.026494 0.014090
0 0.234148 0.648660 0.021185 0.011530
0 0.236265 0.625601 0.016951 0.014097
0 0.237327 0.600619 0.019074 0.012806
0 0.234148 0.669802 0.025432 0.017933
0 0.301969 0.671078 0.021198 0.011530
0 0.299846 0.647381 0.019074 0.012806
0 0.300377 0.623679 0.020136 0.012806
0 0.302500 0.600619 0.018012 0.012806
0 0.302500 0.576280 0.020136 0.011530
0 0.304093 0.551937 0.019074 0.012813
0 0.303025 0.527276 0.014840 0.013448
0 0.303031 0.502937 0.021198 0.012172
0 0.301969 0.479877 0.019074 0.010888
0 0.303031 0.456496 0.021198 0.014097
0 0.304617 0.430877 0.018025 0.012813
0 0.302500 0.406534 0.022259 0.014097
0 0.304093 0.381556 0.021198 0.011530
0 0.340117 0.370022 0.029667 0.012806
0 0.337469 0.392761 0.026494 0.014731
0 0.338000 0.418384 0.027556 0.016007
0 0.336938 0.443687 0.023309 0.014090
0 0.338000 0.468347 0.025432 0.014739
0 0.336938 0.491407 0.021185 0.013455
0 0.337469 0.516067 0.026494 0.015373
0 0.337469 0.539448 0.026494 0.013448
0 0.337469 0.564108 0.020123 0.011530
0 0.336407 0.588769 0.022247 0.013448
0 0.334290 0.612153 0.020136 0.011530
0 0.335352 0.635213 0.020136 0.012813
0 0.336407 0.660190 0.022247 0.012813
0 0.373500 0.671720 0.022259 0.011530
0 0.372438 0.648343 0.022259 0.014731
0 0.369259 0.624642 0.018025 0.009612
0 0.370315 0.600940 0.020136 0.012164
0 0.370846 0.577239 0.021198 0.014731
0 0.371377 0.552899 0.018012 0.010888
0 0.370846 0.527918 0.019074 0.012164
0 0.371907 0.504537 0.019074 0.014090
0 0.370846 0.480840 0.019074 0.012813
0 0.372438 0.456179 0.022259 0.014731
0 0.370852 0.432157 0.023309 0.016657
0 0.370315 0.405575 0.020136 0.013448
0 0.371907 0.381231 0.023321 0.013448
0 0.411117 0.370985 0.023321 0.017299
0 0.406346 0.393724 0.022247 0.015373
0 0.403167 0.417746 0.018012 0.014731
0 0.405290 0.445287 0.022259 0.013455
0 0.405821 0.469306 0.019074 0.014090
0 0.405815 0.493007 0.023309 0.014090
0 0.405290 0.516067 0.022259 0.014090
0 0.403698 0.540731 0.021198 0.014731
0 0.402636 0.564750 0.021198 0.014097
0 0.405821 0.588769 0.021198 0.013448
0 0.403167 0.612153 0.020136 0.011530
0 0.403698 0.636810 0.021198 0.012172
0 0.403173 0.662112 0.024370 0.015373
0 0.439198 0.669799 0.026494 0.014090
0 0.439728 0.649623 0.027556 0.017291
0 0.437611 0.624963 0.021198 0.015373
0 0.438667 0.601899 0.021185 0.012813
0 0.437611 0.578522 0.019074 0.013448
0 0.438142 0.553541 0.018012 0.013455
0 0.438142 0.529198 0.018012 0.013455
0 0.439198 0.506459 0.018025 0.014097
0 0.439722 0.481481 0.019074 0.011530
0 0.438667 0.456179 0.016963 0.014731
0 0.437080 0.431198 0.018012 0.012172
0 0.438673 0.407496 0.019074 0.012172
0 0.441321 0.386358 0.024370 0.016015
0 0.475228 0.374507 0.028605 0.017940
0 0.474167 0.396284 0.024383 0.015373
0 0.472574 0.419026 0.019074 0.013455
0 0.472049 0.443045 0.022247 0.015373
0 0.474167 0.468026 0.022259 0.014097
0 0.470988 0.492687 0.018025 0.013448
0 0.472574 0.516388 0.021198 0.012164
0 0.473636 0.540410 0.021198 0.015373
0 0.472049 0.563149 0.022247 0.014731
0 0.473636 0.588448 0.021198 0.014090
0 0.474167 0.613112 0.022259 0.014731
0 0.473636 0.635530 0.021198 0.013448
0 0.472049 0.661791 0.024370 0.016015
0 0.504901 0.672045 0.024370 0.014731
0 0.503840 0.650586 0.026494 0.017933
0 0.505432 0.626560 0.025432 0.014731
0 0.504901 0.601582 0.024370 0.013448
0 0.505957 0.578522 0.020136 0.013448
0 0.507549 0.552899 0.019074 0.013455
0 0.507549 0.528877 0.019074 0.011530
0 0.507549 0.505817 0.021198 0.011530
0 0.507549 0.481799 0.019074 0.013448
0 0.505957 0.455858 0.018012 0.008970
0 0.504895 0.432474 0.018012 0.012172
0 0.506488 0.409097 0.021198 0.012806
0 0.507549 0.384433 0.021198 0.014731
0 0.543043 0.370981 0.015889 0.012172
0 0.541981 0.395966 0.018012 0.013455
0 0.541457 0.421269 0.021185 0.015373
0 0.540395 0.443366 0.023309 0.014731
0 0.540926 0.468026 0.022247 0.016649
0 0.539870 0.491407 0.020136 0.013455
0 0.543043 0.516067 0.020136 0.015373
0 0.540926 0.542328 0.022247 0.014090
0 0.540395 0.565071 0.021185 0.012172
0 0.540395 0.588769 0.023309 0.013448
0 0.539340 0.612470 0.021198 0.010896
0 0.540395 0.637131 0.023309 0.012813
0 0.539333 0.660836 0.023309 0.015373
0 0.574840 0.672683 0.024370 0.013455
0 0.574302 0.648985 0.021198 0.014731
0 0.575895 0.626881 0.020136 0.015373
0 0.574833 0.602541 0.018012 0.014097
0 0.573247 0.577881 0.021185 0.017299
0 0.573772 0.554500 0.020136 0.015373
0 0.574302 0.529519 0.021198 0.012813
0 0.574833 0.506142 0.022259 0.016015
0 0.575895 0.481157 0.024383 0.014731
0 0.574833 0.456175 0.018012 0.010888
0 0.574302 0.430873 0.021198 0.014090
0 0.576951 0.408455 0.024370 0.012806
0 0.573772 0.381873 0.020136 0.012164
0 0.609802 0.374828 0.024370 0.014731
0 0.611395 0.396604 0.021185 0.013448
0 0.608747 0.419985 0.020136 0.012806
0 0.608216 0.444328 0.019074 0.014090
0 0.610864 0.468347 0.024370 0.014739
0 0.610333 0.492687 0.023309 0.013448
0 0.609802 0.517030 0.022247 0.016015
0 0.608747 0.542011 0.022259 0.013455
0 0.609278 0.566034 0.019074 0.011530
0 0.609802 0.589410 0.022247 0.014731
0 0.610340 0.613429 0.019074 0.011530
0 0.608747 0.638414 0.020136 0.012813
0 0.604506 0.661795 0.022247 0.013455
0 0.642654 0.673642 0.024370 0.014090
0 0.642654 0.649623 0.026494 0.016007
0 0.642123 0.627522 0.025432 0.014090
0 0.643185 0.602862 0.025432 0.014739
0 0.645302 0.579164 0.027543 0.016015
0 0.644241 0.554821 0.019074 0.010896
0 0.644241 0.530160 0.021198 0.011530
0 0.644772 0.506138 0.022259 0.012172
0 0.645833 0.481799 0.020136 0.012164
0 0.643185 0.458097 0.023309 0.013448
0 0.643716 0.434078 0.026494 0.014097
0 0.645833 0.408776 0.022259 0.016015
0 0.644247 0.385396 0.023309 0.015373
0 0.677623 0.374187 0.022259 0.017299
0 0.680802 0.397567 0.020123 0.014090
0 0.678685 0.422866 0.022259 0.016015
0 0.680802 0.448810 0.026494 0.016649
0 0.677623 0.471549 0.024383 0.019858
0 0.677093 0.493649 0.023321 0.017940
0 0.676562 0.516388 0.022259 0.018582
0 0.678154 0.543612 0.019074 0.017940
0 0.677093 0.566672 0.021198 0.016657
0 0.675500 0.590373 0.020136 0.014090
0 0.673383 0.615030 0.022247 0.014731
0 0.674444 0.639373 0.024370 0.014731
0 0.676562 0.662433 0.020136 0.016015
