0 0.261855 0.369996 0.030931 0.021781
0 0.262388 0.393692 0.025596 0.014091
0 0.261855 0.417075 0.028797 0.014732
0 0.261855 0.441412 0.022395 0.014732
0 0.262388 0.466077 0.023462 0.016654
0 0.262388 0.489780 0.025596 0.015373
0 0.264522 0.514437 0.034132 0.018577
0 0.261855 0.539098 0.022395 0.012817
0 0.260788 0.562478 0.022395 0.012168
0 0.261855 0.585220 0.020261 0.014091
0 0.260788 0.609877 0.018127 0.014732
0 0.258654 0.632940 0.020261 0.013450
0 0.259721 0.657601 0.022395 0.014098
0 0.231935 0.668491 0.031042 0.017936
0 0.227667 0.643506 0.020372 0.016654
0 0.229801 0.623972 0.016104 0.010894
0 0.228201 0.600592 0.015037 0.012809
0 0.297047 0.668171 0.033052 0.016013
0 0.296520 0.645428 0.027730 0.015373
0 0.293319 0.622053 0.021328 0.012168
0 0.294913 0.598349 0.018139 0.013450
0 0.293313 0.573368 0.014938 0.012176
0 0.294380 0.549989 0.017072 0.011528
0 0.295447 0.526926 0.019206 0.014091
0 0.293846 0.501308 0.018139 0.011528
0 0.295980 0.478245 0.020273 0.014091
0 0.295447 0.453905 0.017072 0.010253
0 0.296514 0.428603 0.019206 0.009605
0 0.294913 0.404262 0.016005 0.010894
0 0.293313 0.379281 0.017072 0.010887
0 0.332239 0.367433 0.026663 0.012809
0 0.328511 0.390492 0.021340 0.014098
0 0.330105 0.416434 0.020261 0.014732
0 0.330105 0.441736 0.020261 0.012817
0 0.329572 0.465756 0.023462 0.013450
0 0.329572 0.489776 0.021328 0.012817
0 0.329045 0.513797 0.020273 0.012168
0 0.329572 0.537820 0.025596 0.014091
0 0.330105 0.561196 0.022395 0.013450
0 0.330639 0.586181 0.025596 0.013450
0 0.328511 0.609877 0.021340 0.013450
0 0.327978 0.632940 0.022407 0.012168
0 0.334324 0.659519 0.033164 0.016654
0 0.365248 0.670093 0.022506 0.014732
0 0.364715 0.647671 0.027841 0.014732
0 0.362636 0.622373 0.021328 0.014091
0 0.363170 0.598670 0.015993 0.012809
0 0.363703 0.575291 0.019194 0.010894
0 0.363703 0.549989 0.017060 0.010246
0 0.365304 0.527887 0.015993 0.012168
0 0.364770 0.502910 0.019194 0.012168
0 0.364237 0.478886 0.020261 0.014091
0 0.365304 0.455831 0.028797 0.016654
0 0.364237 0.430205 0.024529 0.012809
0 0.364770 0.405864 0.023462 0.012817
0 0.363703 0.379922 0.021328 0.013450
0 0.398368 0.368715 0.026663 0.015373
0 0.399969 0.392411 0.025596 0.015373
0 0.397301 0.415794 0.020261 0.012168
0 0.398902 0.442373 0.021328 0.014091
0 0.398902 0.467358 0.025596 0.014091
0 0.398368 0.489776 0.018127 0.012817
0 0.397301 0.514117 0.022395 0.014091
0 0.396768 0.537500 0.019194 0.013450
0 0.398902 0.563439 0.023462 0.014091
0 0.398368 0.586501 0.020261 0.012809
0 0.397835 0.609557 0.021328 0.014091
0 0.396768 0.633580 0.023462 0.013450
0 0.398368 0.659199 0.020261 0.014732
0 0.432500 0.669773 0.024529 0.014091
0 0.432494 0.646710 0.018139 0.008964
0 0.431433 0.622694 0.022395 0.013450
0 0.433567 0.599311 0.022395 0.010246
0 0.431960 0.574329 0.017072 0.012817
0 0.431967 0.550630 0.021328 0.010246
0 0.433027 0.526926 0.019206 0.012809
0 0.433027 0.502910 0.019206 0.012168
0 0.433567 0.478886 0.022395 0.015373
0 0.435161 0.454549 0.019206 0.014091
0 0.432500 0.428603 0.020261 0.014732
0 0.433027 0.404586 0.017072 0.012809
0 0.431427 0.379281 0.016005 0.013450
0 0.467692 0.369996 0.020273 0.014091
0 0.467686 0.392731 0.026663 0.016013
0 0.466625 0.417075 0.022407 0.014732
0 0.466092 0.440134 0.019206 0.013458
0 0.467159 0.465756 0.019206 0.013450
0 0.466625 0.489139 0.022407 0.014091
0 0.467159 0.513797 0.021340 0.012168
0 0.466625 0.537500 0.020273 0.012168
0 0.466625 0.562478 0.020273 0.010887
0 0.468226 0.586822 0.019206 0.013450
0 0.466625 0.609877 0.022407 0.014732
0 0.464491 0.634221 0.024541 0.014732
0 0.464491 0.658879 0.020273 0.015373
0 0.502885 0.669452 0.022395 0.016013
0 0.499684 0.646390 0.024529 0.016013
0 0.501284 0.622694 0.019194 0.013450
0 0.500217 0.598670 0.017060 0.012809
0 0.499684 0.576252 0.020261 0.010253
0 0.501818 0.551591 0.022395 0.016013
0 0.500701 0.528208 0.026762 0.016654
0 0.501234 0.504832 0.023561 0.017295
0 0.502351 0.478245 0.025596 0.016654
0 0.499684 0.452306 0.015993 0.012168
0 0.500751 0.428603 0.020261 0.013450
0 0.500751 0.405227 0.020261 0.014091
0 0.501284 0.381203 0.023462 0.013450
0 0.535949 0.370637 0.022395 0.014091
0 0.536483 0.395294 0.021328 0.013450
0 0.535416 0.418037 0.019194 0.012809
0 0.537016 0.442694 0.024529 0.014732
0 0.534349 0.465436 0.017060 0.011528
0 0.534882 0.491058 0.018127 0.012817
0 0.535949 0.515078 0.020261 0.013450
0 0.534882 0.540060 0.022395 0.013458
0 0.534882 0.563439 0.020261 0.014091
0 0.535949 0.587142 0.024529 0.014091
0 0.536483 0.611800 0.029864 0.014732
0 0.534349 0.634542 0.023462 0.015373
0 0.532748 0.659840 0.022395 0.014732
0 0.569547 0.668171 0.025596 0.016013
0 0.566290 0.646069 0.023573 0.016654
0 0.568958 0.623655 0.018238 0.017936
0 0.569014 0.599311 0.024529 0.016654
0 0.569547 0.574646 0.021328 0.017295
0 0.569014 0.551911 0.020261 0.014091
0 0.568480 0.528208 0.021328 0.015373
0 0.569547 0.502910 0.021328 0.013450
0 0.567947 0.477604 0.020261 0.016654
0 0.570081 0.454229 0.022395 0.016013
0 0.569547 0.430525 0.021328 0.014732
0 0.568480 0.406826 0.021328 0.014739
0 0.567413 0.382165 0.019194 0.015373
0 0.602605 0.373197 0.023474 0.017928
0 0.605273 0.394974 0.020273 0.016654
0 0.604206 0.418998 0.020273 0.014732
0 0.604739 0.445257 0.023474 0.016013
0 0.604206 0.468320 0.022407 0.018577
0 0.603139 0.492977 0.022407 0.019218
0 0.603139 0.515399 0.020273 0.015373
0 0.603672 0.538782 0.023474 0.017295
0 0.602612 0.562798 0.025596 0.017936
0 0.602612 0.587783 0.025596 0.020499
0 0.600478 0.611479 0.023462 0.015373
0 0.602078 0.635823 0.024529 0.016654
0 0.602078 0.659840 0.024529 0.017295
