0 0.287824 0.363488 0.029414 0.014676
0 0.285530 0.387950 0.026646 0.013584
0 0.290125 0.410782 0.026658 0.015767
0 0.287363 0.434428 0.022980 0.014137
0 0.287830 0.458617 0.025736 0.016851
0 0.287824 0.482268 0.022057 0.011954
0 0.286446 0.505100 0.021147 0.011954
0 0.286901 0.530376 0.022057 0.011416
0 0.286901 0.554569 0.022057 0.011954
0 0.287369 0.576313 0.019302 0.011962
0 0.285069 0.599690 0.018392 0.010870
0 0.284613 0.624425 0.019302 0.011416
0 0.284613 0.647526 0.019302 0.014137
0 0.253772 0.655951 0.029514 0.016858
0 0.250605 0.635022 0.017469 0.009779
0 0.252899 0.612459 0.018392 0.009240
0 0.253310 0.590446 0.015723 0.010878
0 0.320455 0.660029 0.024825 0.011962
0 0.319994 0.637198 0.018392 0.010870
0 0.319532 0.613547 0.021135 0.011416
0 0.319994 0.590446 0.022057 0.011954
0 0.320910 0.567341 0.020224 0.012500
0 0.320916 0.543153 0.016546 0.009786
0 0.319071 0.516788 0.016546 0.010332
0 0.320449 0.495583 0.019302 0.011416
0 0.320910 0.470583 0.018379 0.011416
0 0.323217 0.447747 0.019302 0.010332
0 0.321833 0.423285 0.018379 0.010332
0 0.322294 0.399908 0.019302 0.010332
0 0.320449 0.373547 0.019302 0.011962
0 0.358142 0.363215 0.024813 0.014130
0 0.356297 0.385232 0.024813 0.014683
0 0.354458 0.411055 0.022980 0.014130
0 0.356297 0.435243 0.019302 0.011416
0 0.356764 0.458890 0.022057 0.014137
0 0.354002 0.483355 0.022070 0.011962
0 0.355842 0.507002 0.022057 0.012500
0 0.354002 0.530103 0.018379 0.010870
0 0.354464 0.554569 0.017456 0.011954
0 0.355842 0.577673 0.020212 0.012500
0 0.354464 0.601862 0.019302 0.013046
0 0.354925 0.624963 0.018379 0.014676
0 0.354002 0.648341 0.020224 0.013584
0 0.390312 0.660302 0.024813 0.011416
0 0.388466 0.637471 0.019302 0.014676
0 0.388934 0.613005 0.016546 0.013591
0 0.388473 0.590719 0.017469 0.009240
0 0.389850 0.567614 0.018379 0.009786
0 0.390305 0.542883 0.017469 0.011416
0 0.388928 0.518414 0.018379 0.011416
0 0.387095 0.495041 0.018379 0.009240
0 0.390312 0.471667 0.019302 0.009248
0 0.389844 0.448020 0.022057 0.014137
0 0.389850 0.423013 0.023890 0.013046
0 0.389850 0.399093 0.020224 0.010870
0 0.390767 0.373544 0.018392 0.014137
0 0.424776 0.386320 0.018379 0.012507
0 0.422943 0.411597 0.025736 0.014137
0 0.425237 0.435247 0.019302 0.013591
0 0.424776 0.459982 0.022070 0.013046
0 0.423398 0.483352 0.022980 0.013046
0 0.422020 0.507271 0.020224 0.011962
0 0.421097 0.531737 0.018379 0.010878
0 0.422020 0.555926 0.023890 0.013591
0 0.422936 0.579572 0.020212 0.011962
0 0.424314 0.602677 0.024813 0.011416
0 0.422475 0.626597 0.021135 0.014683
0 0.421097 0.650243 0.018379 0.011962
0 0.457862 0.659757 0.029414 0.013584
0 0.455561 0.638555 0.019302 0.011416
0 0.456945 0.615996 0.018379 0.014130
0 0.456945 0.591261 0.016534 0.010324
0 0.457868 0.568429 0.018379 0.012507
0 0.456945 0.543422 0.020224 0.011416
0 0.458784 0.520048 0.020212 0.010332
0 0.459246 0.496947 0.021135 0.011962
0 0.460162 0.471394 0.021147 0.014130
0 0.460617 0.448562 0.022057 0.014130
0 0.457406 0.424642 0.019302 0.014137
0 0.458329 0.399366 0.019302 0.011416
0 0.456945 0.373816 0.020224 0.013591
0 0.528180 0.375723 0.026658 0.015221
0 0.492787 0.387950 0.022057 0.011416
0 0.491870 0.411324 0.020224 0.012500
0 0.491415 0.434428 0.021135 0.011954
0 0.493248 0.459705 0.021135 0.011416
0 0.492787 0.484985 0.022057 0.011962
0 0.493254 0.509174 0.024813 0.014676
0 0.492332 0.530649 0.022968 0.013053
0 0.489576 0.554569 0.026658 0.014137
0 0.492332 0.579030 0.021147 0.013046
0 0.491415 0.602135 0.021135 0.012500
0 0.490954 0.625782 0.020212 0.011962
0 0.491209 0.651619 0.023392 0.014462
0 0.527893 0.659794 0.026584 0.014469
0 0.525767 0.636836 0.020212 0.011327
0 0.524171 0.614823 0.019140 0.012581
0 0.526833 0.591866 0.018080 0.010693
0 0.526833 0.567961 0.020200 0.013208
0 0.526297 0.543433 0.021272 0.009432
0 0.525767 0.519218 0.015948 0.011327
0 0.525237 0.495317 0.017007 0.011327
0 0.526297 0.471729 0.021272 0.011954
0 0.527893 0.447828 0.020200 0.011954
0 0.525237 0.422983 0.019152 0.011320
0 0.527893 0.400656 0.020200 0.010693
0 0.562993 0.365118 0.024464 0.013835
0 0.562986 0.388706 0.022332 0.011954
0 0.562456 0.412920 0.021272 0.011327
0 0.561397 0.434620 0.023392 0.013208
0 0.561926 0.458835 0.022332 0.012581
0 0.562986 0.484941 0.028716 0.015723
0 0.560860 0.507898 0.020200 0.012581
0 0.561397 0.531799 0.021272 0.012581
0 0.559264 0.555697 0.021272 0.011320
0 0.560330 0.578027 0.019140 0.011954
0 0.560860 0.602872 0.020200 0.010066
0 0.559264 0.627087 0.021272 0.014469
0 0.558734 0.651615 0.022332 0.015723
0 0.598616 0.375811 0.023392 0.012581
0 0.596490 0.400653 0.019140 0.013208
0 0.595960 0.424871 0.024464 0.015096
0 0.595424 0.447515 0.021272 0.013835
0 0.595424 0.470472 0.019152 0.013215
0 0.595424 0.495317 0.019152 0.012581
0 0.595424 0.518274 0.021272 0.013215
0 0.595960 0.544060 0.018080 0.013208
0 0.594358 0.567965 0.019140 0.011947
0 0.593828 0.591862 0.020200 0.013208
0 0.595424 0.614510 0.017007 0.011954
0 0.593298 0.637780 0.019140 0.010693
0 0.592768 0.661368 0.024464 0.013842
0 0.624676 0.650675 0.018080 0.011320
0 0.627325 0.628031 0.017020 0.012581
0 0.628928 0.603816 0.018080 0.011954
0 0.628392 0.579602 0.021272 0.013835
0 0.629451 0.556641 0.021272 0.013208
0 0.629988 0.533053 0.020200 0.012581
0 0.628392 0.508208 0.019152 0.010693
0 0.629988 0.483367 0.018080 0.010066
0 0.630517 0.459779 0.017020 0.011947
0 0.629988 0.435881 0.018080 0.013208
0 0.630517 0.412607 0.017020 0.013208
0 0.631047 0.389333 0.018080 0.013208
0 0.627862 0.366379 0.020212 0.012581
0 0.665081 0.377386 0.020212 0.009432
0 0.668803 0.400653 0.021272 0.013208
0 0.666677 0.424558 0.021259 0.011947
0 0.665611 0.447515 0.021272 0.012581
0 0.664021 0.472673 0.022332 0.013842
0 0.662955 0.495944 0.020200 0.012581
0 0.663485 0.520162 0.019140 0.011947
0 0.663485 0.544377 0.019140 0.013842
0 0.664551 0.569222 0.023392 0.011954
0 0.663485 0.592493 0.023404 0.014469
0 0.663485 0.615767 0.023404 0.015723
0 0.662955 0.639038 0.022344 0.014462
0 0.662419 0.661681 0.021272 0.014469
0 0.696453 0.650988 0.019140 0.011947
0 0.698049 0.629288 0.022332 0.013842
0 0.698049 0.602872 0.022332 0.015096
0 0.698049 0.580542 0.022332 0.013208
0 0.697519 0.556327 0.021272 0.012581
0 0.698049 0.532740 0.020212 0.013208
0 0.696453 0.508212 0.019140 0.013208
0 0.698049 0.484937 0.022332 0.013208
0 0.699115 0.460409 0.020200 0.014462
0 0.701241 0.437139 0.024451 0.015723
0 0.701241 0.413237 0.024451 0.014469
0 0.702307 0.389333 0.024464 0.011954
0 0.699645 0.367950 0.023404 0.014469
0 0.735268 0.378013 0.022332 0.011954
0 0.737394 0.401287 0.020200 0.013208
0 0.736334 0.424558 0.024464 0.014469
0 0.735268 0.448455 0.022332 0.013208
0 0.734208 0.471416 0.015948 0.011327
0 0.733142 0.497518 0.024464 0.011954
0 0.733678 0.521106 0.021272 0.012581
0 0.732076 0.543433 0.022332 0.011954
0 0.733142 0.569222 0.020200 0.013208
0 0.732082 0.593123 0.026584 0.014462
0 0.732612 0.616397 0.021259 0.013208
0 0.732076 0.639982 0.022332 0.013842
0 0.732612 0.664196 0.023404 0.015723
0 0.766640 0.650358 0.019140 0.013208
0 0.765580 0.629572 0.023404 0.014528
0 0.766110 0.605041 0.020200 0.017043
0 0.763454 0.581766 0.023392 0.020819
0 0.767706 0.557238 0.014888 0.010760
0 0.767176 0.534594 0.020212 0.014528
0 0.766640 0.510380 0.027643 0.015155
0 0.769832 0.488049 0.025524 0.015789
0 0.769832 0.463237 0.021259 0.017611
0 0.771958 0.439967 0.023392 0.015096
0 0.768236 0.414808 0.028716 0.021386
0 0.773024 0.391221 0.023404 0.014462
0 0.771428 0.365122 0.022332 0.015096
0 0.428466 0.365118 0.023392 0.013835
0 0.495461 0.364174 0.021272 0.011947
