0 0.224520 0.394993 0.020099 0.015199
0 0.222771 0.414125 0.020099 0.013626
0 0.225394 0.434040 0.020099 0.014682
0 0.229329 0.454742 0.022722 0.016248
0 0.230203 0.474660 0.019224 0.015199
0 0.226706 0.494579 0.026219 0.015199
0 0.228017 0.514498 0.025345 0.017297
0 0.232389 0.533106 0.020099 0.015724
0 0.230203 0.553807 0.022722 0.015207
0 0.232389 0.572939 0.021847 0.012585
0 0.234575 0.592855 0.020973 0.014675
0 0.234575 0.612773 0.019224 0.011529
0 0.233264 0.631905 0.018350 0.013102
0 0.255548 0.385292 0.019224 0.013626
0 0.255111 0.405735 0.018350 0.012578
0 0.256860 0.424605 0.020099 0.011529
0 0.259920 0.445048 0.017475 0.011529
0 0.259483 0.464442 0.018350 0.012578
0 0.259046 0.484095 0.019224 0.013109
0 0.262106 0.503490 0.023596 0.011012
0 0.261669 0.522880 0.017475 0.011004
0 0.261669 0.543323 0.019224 0.013102
0 0.262543 0.562980 0.017475 0.010480
0 0.264729 0.582112 0.023596 0.011004
0 0.264292 0.602031 0.022722 0.012053
0 0.265166 0.621160 0.017475 0.011536
0 0.286139 0.397086 0.019224 0.012061
0 0.287014 0.415170 0.017475 0.010487
0 0.287014 0.434302 0.017475 0.008914
0 0.289200 0.454479 0.018350 0.010480
0 0.290074 0.474660 0.018350 0.012053
0 0.290511 0.492744 0.017475 0.010480
0 0.290074 0.512925 0.018350 0.009956
0 0.291385 0.533630 0.020973 0.011529
0 0.290948 0.550927 0.018350 0.013626
0 0.293134 0.572415 0.017475 0.011536
0 0.294009 0.591547 0.019224 0.011012
0 0.294440 0.611462 0.016613 0.011004
0 0.312796 0.386078 0.020099 0.011004
0 0.314544 0.404424 0.016601 0.012053
0 0.314982 0.424867 0.017475 0.011004
0 0.316293 0.445048 0.021847 0.011529
0 0.316293 0.464967 0.016601 0.011529
0 0.317605 0.483833 0.019224 0.012585
0 0.318916 0.503490 0.025345 0.013109
0 0.318916 0.522880 0.021847 0.012053
0 0.319353 0.541750 0.015727 0.011004
0 0.321102 0.561407 0.026219 0.011529
0 0.321977 0.580277 0.020973 0.011529
0 0.323725 0.600196 0.020973 0.011529
0 0.324594 0.620897 0.015739 0.011012
0 0.296188 0.632430 0.016613 0.011004
0 0.342950 0.394993 0.019224 0.013102
0 0.343824 0.414908 0.020973 0.013109
0 0.344261 0.435089 0.021847 0.012585
0 0.345573 0.454742 0.019224 0.013102
0 0.346010 0.473874 0.016601 0.011529
0 0.345135 0.493268 0.016601 0.010480
0 0.346884 0.513711 0.018350 0.010480
0 0.346884 0.532581 0.016601 0.011529
0 0.348196 0.551972 0.017475 0.011536
0 0.351256 0.571104 0.020099 0.012061
0 0.351256 0.591285 0.021847 0.011536
0 0.352131 0.610414 0.018350 0.011004
0 0.351256 0.630857 0.016601 0.009956
0 0.381847 0.620897 0.023596 0.012061
0 0.379224 0.599409 0.014852 0.009956
0 0.378350 0.580277 0.016601 0.010480
0 0.377913 0.561669 0.017475 0.009956
0 0.375289 0.542013 0.012229 0.009431
0 0.375727 0.523667 0.018350 0.011529
0 0.373978 0.502965 0.018350 0.009963
0 0.374852 0.484620 0.014852 0.011012
0 0.372666 0.464180 0.017475 0.011004
0 0.372666 0.445310 0.015727 0.012053
0 0.371792 0.424867 0.017475 0.011004
0 0.373103 0.405997 0.018350 0.009956
0 0.374415 0.387389 0.022722 0.014675
0 0.401509 0.394468 0.017475 0.012053
0 0.400634 0.416219 0.017475 0.011536
0 0.402820 0.435089 0.014852 0.009439
0 0.401946 0.455266 0.018350 0.011004
0 0.402383 0.474660 0.015727 0.009956
0 0.401509 0.493530 0.017475 0.013102
0 0.402820 0.512925 0.018350 0.008907
0 0.402820 0.532319 0.016601 0.008907
0 0.404569 0.551972 0.020099 0.011536
0 0.405881 0.571366 0.020973 0.009439
0 0.408067 0.591281 0.023596 0.013626
0 0.407192 0.610151 0.018350 0.012578
0 0.408067 0.630595 0.021847 0.012578
0 0.423793 0.387389 0.014852 0.013626
0 0.426416 0.406521 0.016601 0.009956
0 0.427728 0.425654 0.015727 0.010480
0 0.427728 0.446097 0.017475 0.009431
0 0.429477 0.464963 0.015727 0.010487
0 0.429039 0.483833 0.014852 0.010487
0 0.429039 0.503227 0.016601 0.010487
0 0.430788 0.522097 0.014852 0.010487
0 0.431225 0.541488 0.013978 0.010480
0 0.432974 0.560620 0.017475 0.011004
0 0.433411 0.580801 0.014852 0.011529
0 0.434723 0.599671 0.015727 0.010480
0 0.435160 0.619590 0.018350 0.010480
0 0.463128 0.629021 0.018350 0.011529
0 0.461379 0.609365 0.016601 0.011004
0 0.460942 0.589712 0.017475 0.011536
0 0.460505 0.571104 0.016601 0.009963
0 0.459193 0.551448 0.017475 0.010487
0 0.459631 0.532581 0.016601 0.012578
0 0.456570 0.513449 0.013978 0.011004
0 0.456570 0.493530 0.020973 0.013102
0 0.455259 0.474398 0.013103 0.010480
0 0.454821 0.456315 0.017475 0.009956
0 0.453510 0.436396 0.020099 0.013102
0 0.453510 0.417005 0.018350 0.011012
0 0.452198 0.397349 0.019224 0.012585
0 0.478424 0.389225 0.015739 0.012053
0 0.480603 0.407570 0.018350 0.012053
0 0.481915 0.426702 0.015727 0.011529
0 0.481478 0.446883 0.014852 0.009956
0 0.482352 0.464963 0.013103 0.010487
0 0.482352 0.484357 0.016601 0.010487
0 0.481915 0.502965 0.015727 0.009963
0 0.484538 0.522884 0.015727 0.009963
0 0.484975 0.542275 0.014852 0.009956
0 0.485850 0.561407 0.014852 0.010480
0 0.487161 0.580015 0.013978 0.009956
0 0.488036 0.598885 0.015727 0.009956
0 0.488910 0.619066 0.015727 0.009431
0 0.508134 0.399708 0.015727 0.013109
0 0.508134 0.418054 0.015727 0.012061
0 0.508571 0.437707 0.014852 0.009431
0 0.509446 0.456839 0.016601 0.011004
0 0.509883 0.474922 0.015727 0.009431
0 0.510320 0.494055 0.016601 0.009956
0 0.512069 0.512925 0.014852 0.008907
0 0.511632 0.531795 0.015727 0.008907
0 0.512943 0.550923 0.016601 0.010487
0 0.513381 0.570318 0.017475 0.010487
0 0.514255 0.588925 0.015727 0.011012
0 0.514692 0.607795 0.016601 0.011012
0 0.516441 0.627448 0.014852 0.009431
0 0.533048 0.390798 0.014865 0.012053
0 0.533485 0.408881 0.015739 0.010480
0 0.533485 0.428013 0.017488 0.011004
0 0.534797 0.447404 0.014865 0.009963
0 0.535671 0.466798 0.014865 0.009963
0 0.536108 0.484620 0.013990 0.008914
0 0.536539 0.503752 0.016601 0.010487
0 0.537414 0.522622 0.014852 0.009439
0 0.537851 0.540702 0.017475 0.009956
0 0.541349 0.560883 0.015727 0.011529
0 0.540474 0.578704 0.013978 0.009431
0 0.540911 0.599934 0.013103 0.009956
0 0.542223 0.619066 0.017475 0.009431
0 0.568879 0.628235 0.016601 0.011004
0 0.567131 0.608844 0.013103 0.011012
0 0.567131 0.589712 0.016601 0.010487
0 0.566256 0.570318 0.014852 0.009439
0 0.563639 0.550923 0.013116 0.008390
0 0.563639 0.531532 0.014865 0.009431
0 0.562765 0.513711 0.016613 0.010480
0 0.561016 0.494841 0.014865 0.010480
0 0.561453 0.475971 0.015739 0.010480
0 0.560579 0.457101 0.015739 0.011529
0 0.560579 0.437973 0.015739 0.007866
0 0.557956 0.418578 0.013990 0.009963
0 0.558830 0.400233 0.015739 0.008914
0 0.583300 0.391060 0.017488 0.010480
0 0.608214 0.400233 0.016601 0.011012
0 0.633559 0.392371 0.016601 0.009956
0 0.683374 0.393157 0.018350 0.010480
0 0.658030 0.402068 0.016601 0.010487
0 0.637057 0.409930 0.018350 0.010480
0 0.584175 0.409668 0.015739 0.008907
0 0.611706 0.419623 0.016613 0.011004
0 0.661964 0.420410 0.017475 0.010480
0 0.684249 0.412814 0.018350 0.013102
0 0.586361 0.428538 0.018362 0.009956
0 0.636619 0.428800 0.017475 0.009431
0 0.684686 0.430631 0.017475 0.011012
0 0.586361 0.447928 0.014865 0.009963
0 0.614329 0.438756 0.016613 0.010480
0 0.637057 0.448191 0.014852 0.009439
0 0.661964 0.439018 0.013978 0.009956
0 0.686435 0.447145 0.013978 0.011529
0 0.613454 0.458412 0.020111 0.012053
0 0.663276 0.457626 0.011355 0.011529
0 0.587235 0.467323 0.018362 0.009963
0 0.639674 0.466012 0.016613 0.009439
0 0.688621 0.466274 0.014852 0.009963
0 0.664150 0.475447 0.016601 0.009431
0 0.613454 0.476233 0.016613 0.008907
0 0.587235 0.483571 0.014865 0.009963
0 0.638799 0.485144 0.014865 0.009963
0 0.689058 0.483833 0.010480 0.007341
0 0.588984 0.502703 0.016613 0.010487
0 0.613454 0.494055 0.014865 0.009956
0 0.664150 0.493530 0.016601 0.007858
0 0.690807 0.503227 0.017475 0.010487
0 0.589858 0.520524 0.014865 0.014682
0 0.589858 0.540443 0.014865 0.009439
0 0.590733 0.559047 0.014865 0.008907
0 0.591170 0.578179 0.012241 0.008383
0 0.591607 0.597574 0.016613 0.010480
0 0.592919 0.616968 0.013990 0.011529
0 0.616952 0.624830 0.011367 0.009439
0 0.617389 0.605960 0.013990 0.010487
0 0.616515 0.586828 0.015739 0.008914
0 0.616952 0.568744 0.016613 0.009439
0 0.614766 0.549616 0.013990 0.008907
0 0.614766 0.531795 0.012241 0.009956
0 0.615203 0.513449 0.014865 0.008907
0 0.638799 0.502441 0.011367 0.008914
0 0.641422 0.522360 0.011367 0.009963
0 0.640548 0.540181 0.014865 0.008914
0 0.643608 0.558261 0.012241 0.009431
0 0.644920 0.576869 0.016613 0.009956
0 0.643608 0.595476 0.013990 0.009431
0 0.643171 0.615133 0.014865 0.008907
0 0.665025 0.512138 0.014852 0.010480
0 0.667211 0.529435 0.015727 0.011529
0 0.666336 0.548305 0.013978 0.010480
0 0.668516 0.567434 0.013116 0.008914
0 0.668079 0.586041 0.015739 0.010487
0 0.670702 0.605174 0.015739 0.011012
0 0.667204 0.622995 0.013990 0.009963
0 0.693430 0.615133 0.013978 0.009956
0 0.692118 0.596001 0.013103 0.008383
0 0.692555 0.578442 0.013978 0.008907
0 0.692993 0.559572 0.014852 0.008907
0 0.691244 0.540705 0.013103 0.008914
0 0.688621 0.521835 0.013103 0.009963
