0 0.228235 0.626814 0.037605 0.016769
0 0.230796 0.608642 0.040160 0.016006
0 0.231228 0.589581 0.034185 0.018546
0 0.266691 0.581832 0.029062 0.016263
0 0.266901 0.599747 0.029481 0.015499
0 0.263679 0.618792 0.025679 0.018069
0 0.292951 0.626799 0.033802 0.018326
0 0.296173 0.608007 0.026494 0.017276
0 0.295747 0.588183 0.027346 0.015250
0 0.323525 0.581957 0.027346 0.016013
0 0.325444 0.598477 0.026914 0.012959
0 0.324994 0.617015 0.027815 0.018069
0 0.355568 0.626178 0.029062 0.014486
0 0.355784 0.606865 0.029494 0.017533
0 0.355142 0.586788 0.027346 0.017026
0 0.381426 0.578021 0.021790 0.014736
0 0.383988 0.595808 0.025210 0.014229
0 0.384840 0.616902 0.025210 0.015756
0 0.410056 0.586281 0.024358 0.014486
0 0.413043 0.605720 0.026926 0.015242
0 0.414525 0.626164 0.029099 0.015015
0 0.436759 0.577511 0.024778 0.014743
0 0.438895 0.595301 0.025642 0.013216
0 0.440179 0.615631 0.025642 0.016270
0 0.465821 0.624651 0.023074 0.015499
0 0.463895 0.583355 0.020086 0.012203
0 0.466673 0.605338 0.021370 0.013465
0 0.490605 0.577640 0.020519 0.017026
0 0.493593 0.596443 0.024790 0.014486
0 0.491457 0.615885 0.020519 0.014236
0 0.519019 0.622999 0.025222 0.016263
0 0.519660 0.604325 0.023938 0.017533
0 0.518377 0.583741 0.023938 0.017026
0 0.544870 0.576116 0.027346 0.019060
0 0.545512 0.596700 0.022654 0.018554
0 0.571432 0.584956 0.024272 0.016079
0 0.572130 0.602922 0.026210 0.013612
0 0.547160 0.615474 0.025926 0.012797
0 0.572543 0.624005 0.025383 0.014765
0 0.599302 0.611615 0.026481 0.016241
0 0.598333 0.592423 0.025111 0.015918
0 0.599025 0.573884 0.027580 0.017225
0 0.568815 0.565349 0.028963 0.013943
0 0.544123 0.557478 0.018198 0.015587
0 0.625642 0.584791 0.026765 0.022313
0 0.622056 0.602265 0.021790 0.014604
0 0.651025 0.573142 0.023457 0.015419
0 0.650333 0.591109 0.022617 0.010015
0 0.648815 0.610305 0.028420 0.013943
0 0.625778 0.620639 0.027037 0.013289
0 0.677123 0.619618 0.029333 0.016241
0 0.677463 0.600874 0.028654 0.014435
0 0.676957 0.582827 0.024284 0.016446
0 0.674765 0.563778 0.018543 0.012430
0 0.697685 0.571799 0.019889 0.014435
0 0.699309 0.609886 0.021753 0.013370
0 0.676111 0.545422 0.017407 0.014662
0 0.355272 0.567199 0.023926 0.012504
0 0.381012 0.557283 0.021753 0.014229
0 0.413278 0.568278 0.025370 0.017247
0 0.489407 0.556634 0.018123 0.016380
0 0.516957 0.564394 0.026827 0.017247
0 0.572426 0.546931 0.023198 0.011645
0 0.347290 0.548010 0.021025 0.015521
