0 0.032680 0.365847 0.034465 0.019859
0 0.029453 0.390185 0.038781 0.018580
0 0.025678 0.412925 0.026928 0.015377
0 0.028918 0.437267 0.024776 0.015377
0 0.028918 0.461287 0.024776 0.014734
0 0.031070 0.485625 0.029080 0.016013
0 0.036455 0.510607 0.029080 0.014734
0 0.035914 0.535270 0.027998 0.014090
0 0.034838 0.558328 0.025846 0.015370
0 0.038066 0.583314 0.025858 0.015370
0 0.039683 0.607012 0.026928 0.014098
0 0.009876 0.596442 0.019751 0.014734
0 0.007369 0.623347 0.013993 0.013454
0 0.041835 0.632633 0.026928 0.015370
0 0.010417 0.646084 0.020833 0.014090
0 0.016524 0.666901 0.030162 0.014734
0 0.042917 0.657293 0.022624 0.014734
0 0.079540 0.665939 0.022612 0.012811
0 0.077388 0.643521 0.024776 0.012811
0 0.075230 0.619183 0.018321 0.011531
0 0.073613 0.595481 0.019391 0.012811
0 0.071461 0.569220 0.019391 0.011531
0 0.069310 0.545200 0.019391 0.010888
0 0.068228 0.521180 0.019391 0.014090
0 0.068234 0.496838 0.021542 0.011531
0 0.066076 0.473776 0.019391 0.014090
0 0.063383 0.447515 0.020473 0.011524
0 0.062307 0.423813 0.020460 0.014090
0 0.061231 0.399793 0.018308 0.012175
0 0.058539 0.376091 0.019391 0.009608
0 0.098924 0.364246 0.026928 0.015370
0 0.097848 0.387944 0.024776 0.015370
0 0.098389 0.411002 0.023694 0.015377
0 0.097848 0.435344 0.020473 0.014090
0 0.100541 0.459364 0.023694 0.014734
0 0.101617 0.482748 0.021542 0.014090
0 0.103775 0.508691 0.023694 0.014734
0 0.103769 0.531428 0.021542 0.014098
0 0.105933 0.557049 0.021542 0.014098
0 0.109695 0.581391 0.022624 0.015370
0 0.111312 0.606050 0.023694 0.014734
0 0.112929 0.630392 0.020460 0.012175
0 0.114546 0.655374 0.019391 0.016013
0 0.149552 0.664024 0.020473 0.012811
0 0.146325 0.641280 0.020460 0.010888
0 0.147400 0.617260 0.018308 0.011531
0 0.143091 0.591960 0.018321 0.012175
0 0.142015 0.568258 0.020473 0.010895
0 0.139863 0.543277 0.018308 0.012175
0 0.139322 0.519257 0.019391 0.010244
0 0.137170 0.495237 0.023694 0.014734
0 0.135547 0.471857 0.018308 0.011524
0 0.134478 0.446875 0.018308 0.011531
0 0.131238 0.422533 0.016157 0.011531
0 0.130703 0.399153 0.023694 0.013454
0 0.130162 0.374493 0.020473 0.014090
0 0.173787 0.363606 0.034465 0.020496
0 0.167326 0.386661 0.025846 0.014090
0 0.168402 0.410684 0.025858 0.017300
0 0.170560 0.433425 0.025846 0.015370
0 0.170553 0.458084 0.023694 0.014734
0 0.173787 0.482744 0.025858 0.016657
0 0.173787 0.505803 0.023694 0.014090
0 0.174328 0.529504 0.022612 0.012811
0 0.177556 0.554808 0.022624 0.014734
0 0.177562 0.578188 0.024776 0.012811
0 0.180790 0.602848 0.022624 0.013447
0 0.182400 0.628791 0.021542 0.014090
0 0.184024 0.653450 0.020460 0.013454
0 0.223333 0.660817 0.028010 0.015377
0 0.219571 0.640962 0.022624 0.015370
0 0.214720 0.614057 0.021555 0.014090
0 0.214179 0.591317 0.020473 0.014734
0 0.211486 0.565695 0.019391 0.014734
0 0.210417 0.541997 0.019391 0.014734
0 0.208794 0.517973 0.018308 0.012811
0 0.207177 0.493632 0.017239 0.012811
0 0.205025 0.469294 0.021542 0.014090
0 0.205025 0.446232 0.015075 0.011531
0 0.202332 0.422215 0.016157 0.013454
0 0.202867 0.397552 0.019391 0.012811
0 0.203408 0.375133 0.018308 0.012811
0 0.235187 0.362644 0.021542 0.013454
0 0.236803 0.385381 0.022612 0.016649
0 0.236269 0.410362 0.021542 0.014098
0 0.240031 0.433425 0.020460 0.015370
0 0.238955 0.457445 0.020473 0.012167
0 0.242189 0.480825 0.020473 0.014090
0 0.242730 0.505166 0.019391 0.014090
0 0.244882 0.529504 0.017226 0.012811
0 0.243806 0.553206 0.015075 0.010244
0 0.249185 0.577226 0.019391 0.013447
0 0.249733 0.602208 0.016157 0.010895
0 0.249726 0.625588 0.011841 0.012818
0 0.328899 0.644164 0.030162 0.020503
0 0.331051 0.620466 0.030162 0.019216
0 0.329975 0.597082 0.030149 0.019859
0 0.327282 0.574024 0.026928 0.019852
0 0.328364 0.551283 0.026928 0.021783
0 0.328899 0.527903 0.023694 0.019859
0 0.327817 0.505484 0.023694 0.017300
0 0.327817 0.483706 0.023694 0.018580
0 0.327817 0.461287 0.023694 0.017293
0 0.325665 0.437907 0.025858 0.021775
0 0.322973 0.414205 0.022612 0.020496
0 0.324049 0.390825 0.020460 0.019859
0 0.324049 0.368084 0.020460 0.019216
